1
50 0 100 0
.03
27 58
1 1 1
0 -1 0 -32
0 0 -1 -32
-1 0 0 -32
1 0 0 -32
0 0 1 -32
0 1 0 -32
0 5 0 9

x

-32

check
12
13
54

random
-33 1
-34 1
-35 1
-36 1
-37 1
-38 1
-39 1

chest 3
260 1 135
263 4 15
266 1 1
275 1 2
296 3 10
322 1 63
334 1 10
675 3 10

chest 4
260 1 135
263 4 15
266 1 1
275 1 2
296 3 10
322 1 63
334 1 10
675 3 10

chest 5
260 1 135
263 4 15
266 1 1
275 1 2
296 3 10
322 1 63
334 1 10
675 3 10

chest 6
260 1 135
263 4 15
266 1 1
275 1 2
296 3 10
322 1 63
334 1 10
675 3 10

chest 7
260 1 135
263 4 15
266 1 1
275 1 2
296 3 10
322 1 63
334 1 10
675 3 10

chest 8
260 1 135
263 4 15
266 1 1
275 1 2
296 3 10
322 1 63
334 1 10
675 3 10

chest 9
260 1 135
263 4 15
266 1 1
275 1 2
296 3 10
322 1 63
334 1 10
675 3 10
