1
100 95 20 0
.125
62 122
5 6 5
0 -1 0 -32
4 -1 0 -32
0 -1 4 -32
4 -1 4 -32
2 1 2 -32
2 2 2 0
2 6 2 0

x

24 24 24 24 24
24 24 24 24 24
24 24 24 24 24
24 24 24 24 24
24 24 24 24 24

24 24 24 24 24
24 24 9 24 24
24 9 9 9 24
24 24 9 24 24
24 24 24 24 24

24 24 44 24 24
24 24 0 24 24
44 0 0 0 44
24 24 0 24 24
24 24 44 24 24

0 0 0 0 0
0 24 0 24 0
0 0 0 0 0
0 24 0 24 0
0 0 0 0 0

0 0 0 0 0
0 24 0 24 0
0 0 0 0 0
0 24 0 24 0
0 0 0 0 0

0 0 0 0 0
0 44 44 44 0
0 44 24 44 0
0 44 44 44 0
0 0 0 0 0

2 2 0 1
0 2 2 1
4 2 2 1
2 2 4 1
1 5 1 1
2 5 1 1
3 5 1 1
1 5 2 1
3 5 2 1
1 5 3 1
2 5 3 1
3 5 3 1

check
1
2
3
12
13
24
