1
100 97 100 90
.015625
58 112
12 16 15
0 1 0 -32
11 1 0 -32
0 1 14 -32
12 1 14 -32
5 4 7 -33
6 4 7 -33
5 6 7 0
6 6 7 0
5 16 7 0
6 16 7 0

x

-32 -32 -32 -32 -32 -32 -32 -32 -32 -32 -32 -32
-32 -32 -32 -32 -32 -32 -32 -32 -32 -32 -32 -32
-32 -32 -32 -32 -32 -32 -32 -32 -32 -32 -32 -32
-32 -32 -32 -32 -32 -32 -32 -32 -32 -32 -32 -32
-32 -32 -32 -32 -32 -32 -32 -32 -32 -32 -32 -32
-32 -32 -32 -32 -32 -32 -32 -32 -32 -32 -32 -32
-32 -32 -32 -32 -32 -32 -32 -32 -32 -32 -32 -32
-32 -32 -32 -32 -32 -32 -32 -32 -32 -32 -32 -32
-32 -32 -32 -32 -32 -32 -32 -32 -32 -32 -32 -32
-32 -32 -32 -32 -32 -32 -32 -32 -32 -32 -32 -32
-32 -32 -32 -32 -32 -32 -32 -32 -32 -32 -32 -32
-32 -32 -32 -32 -32 -32 -32 -32 -32 -32 -32 -32
-32 -32 -32 -32 -32 -32 -32 -32 -32 -32 -32 -32
-32 -32 -32 -32 -32 -32 -32 -32 -32 -32 -32 -32
-32 -32 -32 -32 -32 -32 -32 -32 -32 -32 -32 -32

-32 -32 -32 -32 -32 -32 -32 -32 -32 -32 -32 -32
-32 -32 -32 -32 -32 -32 -32 -32 -32 -32 -32 -32
-32 -32 -32 -32 -32 -32 -32 -32 -32 -32 -32 -32
-32 -32 -32 -32 -32 -32 -32 -32 -32 -32 -32 -32
-32 -32 -32 -32 -32 -32 -32 -32 -32 -32 -32 -32
-32 -32 -32 -32 -32 -32 -32 -32 -32 -32 -32 -32
-32 55 55 55 55 55 -32 -32 -32 -32 -32 -32
-32 -32 -32 -32 -32 -32 -32 -32 -32 -32 -32 -32
-32 -32 -32 -32 -32 -32 -32 55 -32 -32 -32 -32
-32 -32 -32 -32 -32 -32 -32 55 -32 -32 -32 -32
-32 -32 -32 -32 -32 -32 -32 55 -32 -32 -32 -32
-32 -32 -32 -32 -32 -32 -32 55 -32 -32 -32 -32
-32 -32 -32 -32 -32 -32 -32 55 -32 -32 -32 -32
-32 -32 -32 -32 -32 -32 -32 55 -32 -32 -32 -32
-32 -32 -32 -32 -32 -32 -32 -32 -32 -32 -32 -32

-32 -32 -32 -32 -32 -32 -32 -32 -32 -32 -32 -32
-32 -32 -32 -32 -32 -32 -32 -32 -32 -32 -32 -32
-32 -32 -32 -32 -32 -32 -32 -32 -32 -32 -32 -32
-32 -32 -32 -32 -32 -32 -32 -32 -32 -32 -32 -32
-32 -32 -32 -32 -32 -32 -32 -32 -32 -32 -32 -32
-32 -32 -32 -32 -32 -32 -32 -32 -32 -32 -32 -32
-32 -32 -32 -32 -32 0 -32 -32 -32 -32 -32 -32
-32 -32 -32 -32 -32 55 -32 -32 -32 -32 -32 -32
-32 -32 -32 -32 -32 -32 -32 0 55 -32 -32 -32
-32 -32 -32 -32 -32 -32 -32 -32 -32 -32 -32 -32
-32 -32 -32 -32 -32 -32 -32 -32 -32 -32 -32 -32
-32 -32 -32 -32 -32 -32 -32 -32 -32 -32 -32 -32
-32 -32 -32 -32 -32 -32 -32 -32 -32 -32 -32 -32
-32 -32 -32 -32 -32 -32 -32 -32 -32 -32 -32 -32
-32 -32 -32 -32 -32 -32 -32 -32 -32 -32 -32 -32

-32 -32 -32 -32 -32 -32 -32 -32 -32 -32 -32 -32
-32 -32 0 0 0 0 0 0 0 0 0 -32
-32 0 0 0 0 0 0 0 0 0 0 -32
-32 -32 0 0 -32 0 0 -32 -32 -32 -32 -32
-32 0 0 0 -32 0 0 -32 -32 -33 -32 -32
-32 -32 0 0 -32 67 67 -32 -32 0 -32 -32
-32 0 70 70 -32 -32 -32 -32 -32 0 -32 -32
-32 -32 0 0 -32 0 -32 -32 -32 -32 -32 -32
-32 0 0 0 -32 55 -32 -32 0 55 -32 -32
-32 -32 0 0 -32 55 -32 0 -32 55 -32 -32
-32 0 0 0 0 55 0 70 0 -32 -32 -32
-32 -32 0 0 0 55 0 70 -33 0 -32 -32
-32 0 0 0 0 55 0 70 0 -32 -32 -32
-32 -32 0 -32 55 55 -32 0 -32 0 -32 -32
-32 -32 -32 -32 -32 -32 -32 -32 -32 -32 -32 -32

-32 -32 -32 -32 -32 -32 -32 -32 -32 -32 -32 -32
-32 -32 0 0 0 0 0 0 0 0 0 -32
-32 0 0 0 0 0 0 0 69 69 69 -32
-32 -32 0 0 -32 0 0 -32 150 150 150 -32
-32 0 0 0 -32 0 0 -32 55 0 93 -32
-32 -32 0 0 -32 0 0 -32 55 0 -32 -32
-32 0 0 0 -32 67 67 -32 0 29 29 -32
-32 -32 0 0 -32 -32 -32 -32 -32 -32 -32 -32
-32 0 0 0 -32 -32 -32 -32 -32 -32 -32 -32
-32 -32 0 0 0 -32 0 -32 0 0 -32 -32
-32 0 0 0 0 0 0 0 0 55 -32 -32
-32 -32 0 0 0 0 0 0 0 23 -32 -32
-32 0 0 0 0 0 0 0 0 0 -32 -32
-32 -32 -32 23 -32 -32 0 -32 -32 -32 -32 -32
-32 -32 -32 -32 -32 -32 -32 -32 -32 -32 -32 -32

-32 -32 -32 -32 -32 -32 -32 -32 -32 -32 -32 -32
-32 0 0 0 0 0 0 0 0 0 0 -32
-32 -32 -32 -32 0 0 0 0 0 0 0 -32
-32 0 0 0 -32 -32 -32 -32 -32 -32 -32 -32
-32 -32 -32 -32 -32 0 0 -32 0 0 0 -32
-32 0 0 0 -32 0 0 -32 0 0 55 -32
-32 -32 -32 -32 -32 0 0 -32 0 0 29 -32
-32 0 0 0 -32 67 67 -32 -32 -32 -32 -32
-32 -32 -32 -32 -32 -32 -32 -32 -32 -32 -32 -32
-32 0 0 0 0 -32 0 -32 0 -32 -32 -32
-32 -32 -32 -32 0 0 0 0 0 -32 -32 -32
-32 0 0 0 0 0 0 0 0 -32 -32 -32
-32 -32 -32 -32 0 0 0 0 0 -32 -32 -32
-32 0 0 0 0 0 -32 0 0 -32 -32 -32
-32 -32 -32 -32 -32 -32 -32 -32 -32 -32 -32 -32

-32 -32 -32 -32 -32 -32 -32 -32 -32 -32 -32 -32
-32 -32 -32 -32 -32 -32 -32 -32 -32 -32 -32 -32
-32 -32 -32 -32 -32 -32 -32 -32 -32 -32 -32 -32
-32 -32 -32 -32 -32 -32 -32 -32 -32 -32 -32 -32
-32 -32 -32 -32 -32 -32 -32 -32 -32 -32 -32 -32
-32 -32 -32 -32 -32 0 0 -32 -32 -32 -32 -32
-32 -32 -32 -32 -32 0 0 -32 -32 -32 -32 -32
-32 -32 -32 -32 -32 0 0 -32 -32 -32 -32 -32
-32 -32 -32 -32 -32 67 67 -32 -32 -32 -32 -32
-32 -32 -32 -32 -32 -32 -32 -32 -32 -32 -32 -32
-32 -32 -32 -32 -32 -32 -32 -32 -32 -32 -32 -32
-32 -32 -32 -32 -32 -32 -32 -32 -32 -32 -32 -32
-32 -32 -32 -32 -32 -32 -32 -32 -32 -32 -32 -32
-32 -32 -32 -32 -32 -32 -32 -32 -32 -32 -32 -32
-32 -32 -32 -32 67 67 67 67 -32 -32 -32 -32

0 0 0 0 0 0 0 0 0 0 0 0
0 0 0 0 0 0 0 0 0 0 0 0
0 0 -32 -32 -32 -32 -32 -32 -32 -32 0 0
0 0 -32 0 0 0 0 0 0 -32 0 0
0 0 -32 0 -32 -32 -32 -32 0 -32 0 0
0 0 -32 0 -32 0 0 -32 0 -32 0 0
0 0 -32 0 67 0 0 67 0 -32 0 0
0 0 -32 0 0 0 0 0 0 -32 0 0
0 0 -32 0 0 0 0 0 0 -32 0 0
0 0 -32 0 0 0 0 0 0 -32 0 0
0 0 -32 0 0 0 0 0 0 -32 0 0
0 0 -32 0 0 0 0 0 0 -32 0 0
0 0 -32 -32 -32 0 0 -32 -32 -32 0 0
0 0 0 0 0 0 0 0 0 0 0 0
0 0 0 0 0 0 0 0 0 0 0 0

0 0 0 0 0 0 0 0 0 0 0 0
0 0 0 0 0 0 0 0 0 0 0 0
0 0 -32 -32 -32 0 0 -32 -32 -32 0 0
0 0 -32 0 0 0 0 0 0 -32 0 0
0 0 -32 0 -32 -32 -32 -32 0 -32 0 0
0 0 -32 0 67 0 0 67 0 -32 0 0
0 0 -32 0 0 0 0 0 0 -32 0 0
0 0 -32 0 0 0 0 0 0 -32 0 0
0 0 -32 0 0 0 0 0 0 -32 0 0
0 0 -32 0 0 0 0 0 0 -32 0 0
0 0 -32 0 0 0 0 0 0 -32 0 0
0 0 -32 0 0 0 0 0 0 -32 0 0
0 0 -32 -32 -32 0 0 -32 -32 -32 0 0
0 0 0 0 0 0 0 0 0 0 0 0
0 0 0 0 0 0 0 0 0 0 0 0

0 0 0 0 0 0 0 0 0 0 0 0
0 -32 -32 -32 -32 -32 -32 -32 -32 -32 -32 0
0 -32 -32 -32 -32 -32 -32 -32 -32 -32 -32 0
0 -32 -32 -32 -32 -32 -32 -32 -32 -32 -32 0
0 -32 -32 -32 67 -32 -32 67 -32 -32 -32 0
0 -32 -32 -32 0 0 0 0 -32 -32 -32 0
0 -32 -32 -32 0 0 0 0 -32 -32 -32 0
0 -32 -32 -32 0 0 0 0 -32 -32 -32 0
0 -32 -32 -32 0 0 0 0 -32 -32 -32 0
0 -32 -32 -32 -32 -32 -32 -32 -32 -32 -32 0
0 -32 -32 -32 -32 -32 -32 -32 -32 -32 -32 0
0 -32 -32 -32 -32 -32 -32 -32 -32 -32 -32 0
0 -32 -32 -32 -32 -32 -32 -32 -32 -32 -32 0
0 -32 -32 -32 -32 -32 -32 -32 -32 -32 -32 0
0 0 0 0 0 0 0 0 0 0 0 0

0 0 -32 0 -32 0 0 -32 0 -32 0 0
0 -32 -32 -32 -32 -32 -32 -32 -32 -32 -32 0
-32 -32 0 0 0 0 0 0 0 0 -32 -32
0 -32 0 0 0 0 0 0 0 0 -32 0
-32 -32 0 0 0 0 0 0 0 0 -32 -32
0 -32 0 0 0 0 0 0 0 0 -32 0
-32 -32 0 0 0 0 0 0 0 0 -32 -32
0 -32 0 0 0 0 0 0 0 0 -32 0
-32 -32 0 0 0 0 0 0 0 0 -32 -32
0 -32 0 0 67 -32 -32 67 0 0 -32 0
-32 -32 0 0 0 0 0 0 0 0 -32 -32
0 -32 0 0 0 0 0 0 0 0 -32 0
-32 -32 0 0 0 0 0 0 0 0 -32 -32
0 -32 -32 -32 -32 -32 -32 -32 -32 -32 -32 0
0 0 -32 0 -32 0 0 -32 0 -32 0 0

0 0 -32 0 -32 0 0 -32 0 -32 0 0
0 -32 -32 -32 -32 0 0 -32 -32 -32 -32 0
-32 -32 0 0 0 0 0 0 0 0 -32 -32
0 -32 0 0 0 0 0 0 0 0 -32 0
-32 -32 0 0 0 0 0 0 0 0 -32 -32
0 0 0 0 0 0 0 0 0 0 0 0
-32 -32 0 0 0 0 0 0 0 0 -32 -32
0 -32 0 0 0 0 0 0 0 0 -32 0
-32 -32 0 0 0 0 0 0 0 0 -32 -32
0 0 0 0 0 0 0 0 0 0 0 0
-32 -32 0 0 0 0 0 0 0 0 -32 -32
0 -32 0 0 0 0 0 0 0 0 -32 0
-32 -32 0 0 0 0 0 0 0 0 -32 -32
0 -32 -32 -32 -32 0 0 -32 -32 -32 -32 0
0 0 -32 0 -32 0 0 -32 0 -32 0 0

0 0 0 0 0 0 0 0 0 0 0 0
0 -32 -32 -32 -32 -32 -32 -32 -32 -32 -32 0
0 -32 -32 -32 -32 -32 -32 -32 -32 -32 -32 0
0 -32 -32 -32 -32 -32 -32 -32 -32 -32 -32 0
0 -32 -32 -32 -32 -32 -32 -32 -32 -32 -32 0
-32 -32 -32 -32 0 0 0 0 -32 -32 -32 -32
0 -32 -32 -32 0 0 0 0 -32 -32 -32 0
0 -32 -32 -32 0 0 0 0 -32 -32 -32 0
0 -32 -32 -32 0 0 0 0 -32 -32 -32 0
-32 -32 -32 -32 0 0 0 0 -32 -32 -32 -32
0 -32 -32 -32 -32 -32 -32 -32 -32 -32 -32 0
0 -32 -32 -32 -32 -32 -32 -32 -32 -32 -32 0
0 -32 -32 -32 -32 -32 -32 -32 -32 -32 -32 0
0 -32 -32 -32 -32 -32 -32 -32 -32 -32 -32 0
0 0 0 0 0 -32 -32 0 0 0 0 0

0 0 0 0 0 0 0 0 0 0 0 0
0 0 0 0 0 0 0 0 0 0 0 0
0 0 -32 0 0 0 0 0 0 -32 0 0
0 0 0 -32 -32 -32 -32 -32 -32 0 0 0
0 0 0 -32 -32 -32 -32 -32 -32 0 0 0
0 0 0 -32 -32 -32 -32 -32 -32 0 0 0
0 0 0 -32 -32 0 0 -32 -32 0 0 0
0 0 0 -32 -32 0 0 -32 -32 0 0 0
0 0 0 -32 -32 0 0 -32 -32 0 0 0
0 0 0 -32 -32 -32 -32 -32 -32 0 0 0
0 0 0 -32 -32 -32 -32 -32 -32 0 0 0
0 0 0 -32 -32 -32 -32 -32 -32 0 0 0
0 0 -32 0 0 0 0 0 0 -32 0 0
0 0 0 0 0 0 0 0 0 0 0 0
0 0 0 0 0 0 0 0 0 0 0 0

0 0 0 0 0 0 0 0 0 0 0 0
0 0 0 0 0 0 0 0 0 0 0 0
0 0 -32 0 0 0 0 0 0 -32 0 0
0 0 0 0 0 0 0 0 0 0 0 0
0 0 0 0 -32 -32 -32 -32 0 0 0 0
0 0 0 0 -32 -32 -32 -32 0 0 0 0
0 0 0 0 -32 -32 -32 -32 0 0 0 0
0 0 0 0 -32 -32 -32 -32 0 0 0 0
0 0 0 0 -32 -32 -32 -32 0 0 0 0
0 0 0 0 -32 -32 -32 -32 0 0 0 0
0 0 0 0 -32 -32 -32 -32 0 0 0 0
0 0 0 0 0 0 0 0 0 0 0 0
0 0 -32 0 0 0 0 0 0 -32 0 0
0 0 0 0 0 0 0 0 0 0 0 0
0 0 0 0 0 0 0 0 0 0 0 0

0 0 0 0 0 0 0 0 0 0 0 0
0 0 0 0 0 0 0 0 0 0 0 0
0 0 -32 0 0 0 0 0 0 -32 0 0
0 0 0 0 0 0 0 0 0 0 0 0
0 0 0 0 -32 0 0 -32 0 0 0 0
0 0 0 0 0 0 0 0 0 0 0 0
0 0 0 0 0 67 67 0 0 0 0 0
0 0 0 0 0 -32 -32 0 0 0 0 0
0 0 0 0 0 67 67 0 0 0 0 0
0 0 0 0 0 0 0 0 0 0 0 0
0 0 0 0 -32 0 0 -32 0 0 0 0
0 0 0 0 0 0 0 0 0 0 0 0
0 0 -32 0 0 0 0 0 0 -32 0 0
0 0 0 0 0 0 0 0 0 0 0 0
0 0 0 0 0 0 0 0 0 0 0 0

5 3 5 2
6 3 5 2
8 4 2 4
9 4 2 4
10 4 2 4
10 4 4 2
5 4 6 2
6 4 6 2
9 4 6 1
10 4 6 4
9 4 11 4
3 4 13 2
10 5 6 4
5 5 7 2
6 5 7 2
5 6 8 2
6 6 8 2
4 6 14 3
5 6 14 3
6 6 14 3
7 6 14 3
4 7 6 3
7 7 6 3
4 8 5 3
7 8 5 3
4 9 4 3
7 9 4 3
7 10 9 1
5 15 6 2
6 15 6 2
5 15 8 3
6 15 8 3

check
1
2
3
12
13
24

check
1
2
3
9
12
13

random
4 1
48 1

random
-34 1
-35 1
-36 1
-37 1
-38 1

chest 2
6 3 1 1
265 3 3
266 3 2
329 1 3
334 7 16
352 6 20
466 7 15
472 1 1
473 1 1
474 1 1
478 5 10

chest 3
6 3 1 1
265 3 3
266 3 2
329 1 3
334 7 16
352 6 20
466 7 15
472 1 1
473 1 1
474 1 1
478 5 10

chest 4
6 3 1 1
265 3 3
266 3 2
329 1 3
334 7 16
352 6 20
466 7 15
472 1 1
473 1 1
474 1 1
478 5 10

chest 5
6 3 1 1
265 3 3
266 3 2
329 1 3
334 7 16
352 6 20
466 7 15
472 1 1
473 1 1
474 1 1
478 5 10

chest 6
6 3 1 1
265 3 3
266 3 2
329 1 3
334 7 16
352 6 20
466 7 15
472 1 1
473 1 1
474 1 1
478 5 10
