1
70 10 50 20
.0625
60 118
7 10 9
1 -1 1 -32
5 -1 1 -32
1 -1 6 -32
5 -1 6 -32
3 3 3 -33
3 3 4 -33
3 4 3 0
3 4 4 0
3 10 3 0
3 10 4 0

x

-1 -1 -1 -1 -1 -1 -1
-1 17 -1 -1 -1 17 -1
-1 -1 -1 -1 -1 -1 -1
-1 -1 -1 -1 -1 -1 -1
-1 -1 -1 -1 -1 -1 -1
-1 -1 -1 -1 -1 -1 -1
-1 17 -1 -1 -1 17 -1
-1 -1 -1 -1 -1 -1 -1
-1 -1 -1 -1 -1 -1 -1

-1 -1 -1 -1 -1 -1 -1
-1 17 -1 -1 -1 17 -1
-1 -1 -1 -1 -1 -1 -1
-1 -1 -1 -1 -1 -1 -1
-1 -1 -1 -1 -1 -1 -1
-1 -1 -1 -1 -1 -1 -1
-1 17 -1 -1 -1 17 -1
-1 -1 -1 -1 -1 -1 -1
-1 -1 -1 -1 -1 -1 -1

-1 -1 -1 -1 -1 -1 -1
-1 17 -1 -1 -1 17 -1
-1 -1 -1 -1 -1 -1 -1
-1 -1 -1 -1 -1 -1 -1
-1 -1 -1 -1 -1 -1 -1
-1 -1 -1 -1 -1 -1 -1
-1 17 -1 -1 -1 17 -1
-1 -1 -1 -1 -1 -1 -1
-1 -1 -1 -1 -1 -1 -1

-1 -1 -1 -1 -1 -1 -1
-1 17 -1 -1 -1 17 -1
-1 -1 -1 -1 -1 -1 -1
-1 -1 -1 -1 -1 -1 -1
-1 -1 -1 -1 -1 -1 -1
-1 -1 -1 -1 -1 -1 -1
-1 17 -1 -1 -1 17 -1
-1 -1 -1 -1 -1 -1 -1
-1 -1 -1 -1 -1 -1 -1

-1 -1 -1 -1 -1 -1 -1
-1 17 -1 -1 -1 17 -1
-1 -1 -1 -1 -1 -1 -1
-1 -1 -1 -1 -1 -1 -1
-1 -1 -1 -1 -1 -1 -1
-1 -1 -1 -1 -1 -1 -1
-1 17 -1 -1 -1 17 -1
-1 -1 -1 -1 -1 -1 -1
-1 -1 -1 -1 -1 -1 -1

-1 -1 -1 -1 -1 -1 -1
-1 17 -1 -1 -1 17 -1
-1 -1 -1 -1 -1 -1 -1
-1 -1 -1 -1 -1 -1 -1
-1 -1 -1 -1 -1 -1 -1
-1 -1 -1 -1 -1 -1 -1
-1 17 -1 -1 -1 17 -1
-1 -1 -1 -1 -1 -1 -1
-1 -1 -1 -1 -1 -1 -1

0 0 0 0 0 0 0
0 17 5 5 5 17 0
0 5 5 5 5 5 0
0 5 5 5 5 5 0
0 5 5 5 5 5 0
0 5 5 5 5 5 0
0 17 5 5 5 17 0
0 5 5 5 5 5 0
0 0 5 5 5 0 0

0 0 0 0 0 0 0
0 17 5 5 5 17 0
0 5 -32 58 0 5 0
0 5 0 0 0 5 0
0 5 0 0 0 5 0
0 5 0 0 0 5 0
0 17 0 5 5 17 0
0 85 0 0 0 85 0
0 0 0 0 0 0 0

0 0 0 0 0 0 0
0 17 5 85 5 17 0
0 5 0 0 0 5 0
0 0 0 0 0 -33 0
0 0 0 0 0 0 0
0 5 0 0 0 5 0
0 17 0 5 85 17 0
0 0 0 0 0 0 0
0 0 0 0 0 0 0

0 53 53 53 53 53 0
53 5 5 5 5 5 53
53 5 5 5 5 5 53
53 5 5 5 5 5 53
53 5 5 5 5 5 53
53 5 5 5 5 5 53
53 5 5 5 5 5 53
0 53 53 53 53 53 0
0 0 0 0 0 0 0

1 9 0 2
2 9 0 2
3 9 0 2
4 9 0 2
5 9 0 2
6 9 1 1
6 9 2 1
6 9 3 1
6 9 4 1
6 9 5 1
6 9 6 1
1 9 7 3
2 9 7 3
3 9 7 3
4 9 7 3
5 9 7 3

check
1
2
3
12
13
24

check
1
2
3
9
12
13

random
0 5
39 4
40 1

random
0 50
39 850
40 99
229 1
